$ANSIBLE_VAULT;1.1;AES256
34636539373461636366333839336531393634643564616632653362393038663164623966326165
3433613631386364666535656164396238653234393338330a326236663639346533336164623038
36653135633566663265326437376563323365333364356561636438386534323862643462613232
3862343035353438370a323531623533366263383434306337313434653465653930346466356431
64306130656135616132356635653465373163633063386166306637376566396436396432633636
66616135393661386563383862346166313061653765353731386535323463306536323137306663
36373836346365363932313137313232386133333531643834653666316434636266343034336666
66336563663138333261373636613563363266376364303431386533666138373639663161363130
36346563346166303661643438393932653263363535663239666632353463623562656435386666
39613435636663343961666431383162313238333166613865643933643936366261373265626166
30626238316536333630343237616361626361646563396539303832663135653433303837626536
61636134396437373730323165636433656637346637306432323239623232306234656433613766
65323563306633383636613832616266663461663733353866313038333432613862653830353037
63643761323735356163663465616233336233663433323038343065313031333234633664633162
37633538623833306563623831623436386563316663313865353535623933373631666232373237
34383637353831316165383063623330366632626264356563666535373863653633346532653930
31393131383838323131356336643166303962626232313338653965386365623861336463383737
61653834666265316564356630303338626532383938383831656531386265356438623334386230
61643839326262336332343865613966393366383762356462613566653530343430336265323837
63313830353036303630313561343466666539633938646661333738623338663537343465323738
35373865636338326437663866316135366564623362626562393864363165376439653666646366
61333032336236323765656638313535613461393964393039616163376437623861353832653635
66353731646634656234303233616337376263376637343061323034373464306361626562303031
36366430356633656232373762663630386337663530626536646633386131626434373637326634
37393535356233306535356537353633353331306664336332323532353232373163663166393439
36663531373338383134653265626434356131656561313138323466356339656633313762333262
636237303463643661393766316362633361
